,Timestamp,MemoryUsed,ReadThroughput_avg_1minute,ReadCount,WriteThroughput_avg_1minute,WriteCount,PendingTasks,WaitingOnCommit1,ReadThroughput,WriteThroughput
34,2019-11-19 11:37:42.195,557525568,136.09852852488058,3531215,23.244463844780146,276981,0,0.0,39.0,1.0
35,2019-11-19 11:37:43.219,563136336,136.09852852488058,3531469,23.244463844780146,276999,0,0.0,254.0,18.0
36,2019-11-19 11:37:44.245,571545016,131.67710230653668,3531831,21.753734824148324,277021,0,0.0,362.0,22.0
37,2019-11-19 11:37:45.272,584474448,131.67710230653668,3532474,21.753734824148324,277056,0,0.0,643.0,35.0
38,2019-11-19 11:37:46.295,602035496,131.67710230653668,3533281,21.753734824148324,277093,0,0.0,807.0,37.0
39,2019-11-19 11:37:47.319,630812856,131.67710230653668,3534044,21.753734824148324,277136,0,0.0,763.0,43.0
40,2019-11-19 11:37:48.343,646524592,131.67710230653668,3534810,21.753734824148324,277182,0,0.0,766.0,46.0
41,2019-11-19 11:37:49.369,662681672,176.4460653540631,3535628,23.180643402963877,277230,0,0.0,818.0,48.0
42,2019-11-19 11:37:50.391,676822184,176.4460653540631,3536399,23.180643402963877,277264,0,0.0,771.0,34.0
43,2019-11-19 11:37:51.418,693585632,176.4460653540631,3537240,23.180643402963877,277304,0,0.0,841.0,40.0
44,2019-11-19 11:37:52.441,709759144,176.4460653540631,3538139,23.180643402963877,277350,0,0.0,899.0,46.0
45,2019-11-19 11:37:53.463,725950928,176.4460653540631,3539008,23.180643402963877,277399,0,0.0,869.0,49.0
46,2019-11-19 11:37:54.487,742725624,227.9497702675036,3539896,24.637382724757,277447,0,0.0,888.0,48.0
47,2019-11-19 11:37:55.511,758459032,227.9497702675036,3540751,24.637382724757,277492,0,0.0,855.0,45.0
48,2019-11-19 11:37:56.538,776366832,227.9497702675036,3541640,24.637382724757,277546,0,0.0,889.0,54.0
49,2019-11-19 11:37:57.562,794881000,227.9497702675036,3542556,24.637382724757,277596,0,0.0,916.0,50.0
50,2019-11-19 11:37:58.585,811751384,227.9497702675036,3543478,24.637382724757,277646,0,0.0,922.0,50.0
51,2019-11-19 11:37:59.611,548669352,279.50914786218067,3544391,26.489363347715997,277692,0,0.0,913.0,46.0
52,2019-11-19 11:38:00.634,567787528,279.50914786218067,3545308,26.489363347715997,277743,0,0.0,917.0,51.0
53,2019-11-19 11:38:01.655,584879616,279.50914786218067,3546277,26.489363347715997,277793,0,0.0,969.0,50.0
54,2019-11-19 11:38:02.677,601267952,279.50914786218067,3547114,26.489363347715997,277846,0,0.0,837.0,53.0
55,2019-11-19 11:38:03.699,618945064,329.4246883864186,3548099,28.22525001001944,277895,0,0.0,985.0,49.0
56,2019-11-19 11:38:04.72,639166640,329.4246883864186,3549165,28.22525001001944,277956,0,0.0,1066.0,61.0
57,2019-11-19 11:38:05.747,659858864,329.4246883864186,3550233,28.22525001001944,278007,0,0.0,1068.0,51.0
58,2019-11-19 11:38:06.769,678988128,329.4246883864186,3551340,28.22525001001944,278063,0,0.0,1107.0,56.0
59,2019-11-19 11:38:07.792,700591456,329.4246883864186,3552470,28.22525001001944,278117,0,0.0,1130.0,54.0
60,2019-11-19 11:38:08.818,720067624,386.6709135374351,3553453,30.50996087228907,278178,0,0.0,983.0,61.0
61,2019-11-19 11:38:09.841,740532272,386.6709135374351,3554556,30.50996087228907,278223,0,0.0,1103.0,45.0
62,2019-11-19 11:38:10.877,760767912,386.6709135374351,3555747,30.50996087228907,278273,0,0.0,1191.0,50.0
63,2019-11-19 11:38:11.9,785221528,386.6709135374351,3556870,30.50996087228907,278327,0,0.0,1123.0,54.0
64,2019-11-19 11:38:12.927,809362784,386.6709135374351,3557986,30.50996087228907,278387,0,0.0,1116.0,60.0
65,2019-11-19 11:38:13.949,548595864,443.5616381538124,3559112,32.13226282793913,278443,0,0.0,1126.0,56.0
66,2019-11-19 11:38:14.977,570698080,443.5616381538124,3560471,32.13226282793913,278514,0,0.0,1359.0,71.0
67,2019-11-19 11:38:16.006,598204832,443.5616381538124,3562014,32.13226282793913,278595,0,0.0,1543.0,81.0
68,2019-11-19 11:38:17.031,625158760,443.5616381538124,3563411,32.13226282793913,278665,0,0.0,1397.0,70.0
69,2019-11-19 11:38:18.059,655262240,443.5616381538124,3564861,32.13226282793913,278734,0,0.0,1450.0,69.0
70,2019-11-19 11:38:19.083,680349336,517.3797018118889,3566181,35.22396438849073,278803,0,0.0,1320.0,69.0
71,2019-11-19 11:38:20.13,704513160,517.3797018118889,3567513,35.22396438849073,278870,0,0.0,1332.0,67.0
72,2019-11-19 11:38:21.155,728902704,517.3797018118889,3568987,35.22396438849073,278954,0,0.0,1474.0,84.0
73,2019-11-19 11:38:22.179,754761552,517.3797018118889,3570422,35.22396438849073,279023,0,0.0,1435.0,69.0
74,2019-11-19 11:38:23.209,780449872,517.3797018118889,3571805,35.22396438849073,279091,0,0.0,1383.0,68.0
75,2019-11-19 11:38:24.231,809152264,584.3681141889542,3573309,37.86058261901324,279187,0,0.0,1504.0,96.0
76,2019-11-19 11:38:25.256,551502840,584.3681141889542,3574611,37.86058261901324,279266,0,0.0,1302.0,79.0
77,2019-11-19 11:38:26.279,576018304,584.3681141889542,3576045,37.86058261901324,279348,0,0.0,1434.0,82.0
78,2019-11-19 11:38:27.3,604400576,584.3681141889542,3577595,37.86058261901324,279439,0,0.0,1550.0,91.0
79,2019-11-19 11:38:28.322,629750576,584.3681141889542,3578995,37.86058261901324,279515,0,0.0,1400.0,76.0
80,2019-11-19 11:38:29.351,652777088,649.9022614074481,3580328,41.53369562729787,279588,0,0.0,1333.0,73.0
81,2019-11-19 11:38:30.381,679044640,649.9022614074481,3581644,41.53369562729787,279671,0,0.0,1316.0,83.0
82,2019-11-19 11:38:31.403,705387368,649.9022614074481,3582975,41.53369562729787,279739,0,0.0,1331.0,68.0
83,2019-11-19 11:38:32.436,731604920,649.9022614074481,3584353,41.53369562729787,279828,0,0.0,1378.0,89.0
84,2019-11-19 11:38:33.463,755666600,649.9022614074481,3585716,41.53369562729787,279880,0,0.0,1363.0,52.0
85,2019-11-19 11:38:34.484,780754048,702.0890911667326,3587042,43.873700125053674,279974,0,0.0,1326.0,94.0
86,2019-11-19 11:38:35.513,800173480,702.0890911667326,3588146,43.873700125053674,280026,0,0.0,1104.0,52.0
87,2019-11-19 11:38:36.534,823106360,702.0890911667326,3589339,43.873700125053674,280080,0,0.0,1193.0,54.0
88,2019-11-19 11:38:37.558,564619048,702.0890911667326,3590651,43.873700125053674,280152,0,0.0,1312.0,72.0
89,2019-11-19 11:38:38.581,589510288,702.0890911667326,3591988,43.873700125053674,280218,0,0.0,1337.0,66.0
90,2019-11-19 11:38:39.61,616879280,744.0586501499504,3593463,45.56286579827145,280292,0,0.0,1475.0,74.0
91,2019-11-19 11:38:40.632,644716392,744.0586501499504,3594873,45.56286579827145,280364,0,0.0,1410.0,72.0
92,2019-11-19 11:38:41.653,671517840,744.0586501499504,3596274,45.56286579827145,280443,0,0.0,1401.0,79.0
93,2019-11-19 11:38:42.707,695402296,744.0586501499504,3597687,45.56286579827145,280521,0,0.0,1413.0,78.0
94,2019-11-19 11:38:43.729,718970264,795.2255353801122,3599078,47.83657350963515,280593,0,0.0,1391.0,72.0
95,2019-11-19 11:38:44.753,741760936,795.2255353801122,3600377,47.83657350963515,280662,0,0.0,1299.0,69.0
96,2019-11-19 11:38:45.782,765393760,795.2255353801122,3601737,47.83657350963515,280742,0,0.0,1360.0,80.0
97,2019-11-19 11:38:46.806,790426656,795.2255353801122,3603074,47.83657350963515,280797,0,0.0,1337.0,55.0
98,2019-11-19 11:38:47.831,814373224,795.2255353801122,3604407,47.83657350963515,280878,0,0.0,1333.0,81.0
99,2019-11-19 11:38:48.853,559384808,836.4166112668203,3605795,49.60866324849224,280958,0,0.0,1388.0,80.0
100,2019-11-19 11:38:49.877,583326192,836.4166112668203,3607187,49.60866324849224,281036,0,0.0,1392.0,78.0
101,2019-11-19 11:38:50.9,609509312,836.4166112668203,3608609,49.60866324849224,281102,0,0.0,1422.0,66.0
102,2019-11-19 11:38:51.921,633095928,836.4166112668203,3609976,49.60866324849224,281182,0,0.0,1367.0,80.0
103,2019-11-19 11:38:52.944,657620208,836.4166112668203,3611315,49.60866324849224,281254,0,0.0,1339.0,72.0
104,2019-11-19 11:38:53.968,682540384,875.897351159298,3612637,51.33501121739446,281311,0,0.0,1322.0,57.0
105,2019-11-19 11:38:54.993,704974560,875.897351159298,3613942,51.33501121739446,281383,0,0.0,1305.0,72.0
106,2019-11-19 11:38:56.026,728965000,875.897351159298,3615282,51.33501121739446,281452,0,0.0,1340.0,69.0
107,2019-11-19 11:38:57.056,753847552,875.897351159298,3616636,51.33501121739446,281522,0,0.0,1354.0,70.0
108,2019-11-19 11:38:58.079,776858888,875.897351159298,3617961,51.33501121739446,281593,0,0.0,1325.0,71.0
109,2019-11-19 11:38:59.101,801731976,910.7502026119847,3619352,52.63548791655518,281663,0,0.0,1391.0,70.0
110,2019-11-19 11:39:00.123,827682168,910.7502026119847,3620804,52.63548791655518,281760,0,0.0,1452.0,97.0
111,2019-11-19 11:39:01.143,569433208,910.7502026119847,3622127,52.63548791655518,281829,0,0.0,1323.0,69.0
112,2019-11-19 11:39:02.17,594045736,910.7502026119847,3623473,52.63548791655518,281909,0,0.0,1346.0,80.0
113,2019-11-19 11:39:03.191,619656576,910.7502026119847,3624969,52.63548791655518,281964,0,0.0,1496.0,55.0
114,2019-11-19 11:39:04.213,644120544,946.9420821300616,3626360,54.27973551804934,282037,0,0.0,1391.0,73.0
115,2019-11-19 11:39:05.238,666471280,946.9420821300616,3627583,54.27973551804934,282104,0,0.0,1223.0,67.0
116,2019-11-19 11:39:06.259,693097648,946.9420821300616,3629075,54.27973551804934,282179,0,0.0,1492.0,75.0
117,2019-11-19 11:39:07.282,719905864,946.9420821300616,3630490,54.27973551804934,282252,0,0.0,1415.0,73.0
118,2019-11-19 11:39:08.311,747680280,946.9420821300616,3632019,54.27973551804934,282325,0,0.0,1529.0,73.0
119,2019-11-19 11:39:09.334,773251432,982.143161667428,3633485,55.56864070103384,282410,0,0.0,1466.0,85.0
120,2019-11-19 11:39:10.355,803487584,982.143161667428,3634976,55.56864070103384,282496,0,0.0,1491.0,86.0
121,2019-11-19 11:39:11.377,829404808,982.143161667428,3636429,55.56864070103384,282572,0,0.0,1453.0,76.0
122,2019-11-19 11:39:12.399,572927448,982.143161667428,3637843,55.56864070103384,282640,0,0.0,1414.0,68.0
123,2019-11-19 11:39:13.424,578080376,982.143161667428,3638056,55.56864070103384,282653,0,0.0,213.0,13.0
